{
 "cells": [
  {
   "cell_type": "markdown",
   "metadata": {},
   "source": [
    "# Лабораторная работа №1\n",
    "## Выполнил студент группы БФИ1902 Агарков Максим Дмитриевич\n",
    "### Задание №1 вывод сообщения\n"
   ]
  },
  {
   "cell_type": "code",
   "execution_count": 2,
   "metadata": {},
   "outputs": [
    {
     "name": "stdout",
     "output_type": "stream",
     "text": [
      "Hello, World!\n"
     ]
    }
   ],
   "source": [
    "print(\"Hello, World!\")"
   ]
  },
  {
   "cell_type": "markdown",
   "metadata": {},
   "source": [
    "### Задание №2 \n",
    "#### Здесь создаётся массив, с которым в дальнейшем нам придётся работать, в дальнейшем.\n",
    "##### У него есть такие параметры как количество строк и столбцов, а также минимальное и максимальное значение."
   ]
  },
  {
   "cell_type": "code",
   "execution_count": 3,
   "metadata": {},
   "outputs": [
    {
     "name": "stdout",
     "output_type": "stream",
     "text": [
      "[[-131  206  100  140  -16 -220  186  -77   35   86]\n",
      " [ -26 -201  -30 -225  -54 -201  214 -112   -7  169]\n",
      " [  86  165  -55   95   27  -92 -183  225  178 -202]\n",
      " [ -55   19  -70  159 -131 -116   -1   14 -227 -214]\n",
      " [ 248 -158 -248 -135 -100   43 -124  -26   30 -136]\n",
      " [ -73 -222 -184  191 -241   54 -169  235   17   27]\n",
      " [-203   78  167  233   96 -149 -137  204 -175  132]\n",
      " [ 192   79  126 -153   66   83  -30 -238  197  246]\n",
      " [  82  210   -8   25   31 -235 -172   88   58  -92]\n",
      " [ 140   13  235  -38 -113 -121  -86 -152 -164 -182]]\n"
     ]
    }
   ],
   "source": [
    "from random import randint\n",
    "import numpy as np\n",
    "\n",
    "n, m = 10, 10\n",
    "min_limit = -250\n",
    "max_limit = 250\n",
    "\n",
    "\n",
    "a = [[randint(min_limit, max_limit) for j in range(m)] for i in range(n)]\n",
    "an = np.asarray(a)\n",
    "print(an)"
   ]
  },
  {
   "cell_type": "markdown",
   "metadata": {},
   "source": [
    "### Задание №3"
   ]
  },
  {
   "cell_type": "markdown",
   "metadata": {},
   "source": [
    "### Сортировка выбором \n",
    "#### Берём первый элемент сравниваем со вторым, ищем наименьший. \n"
   ]
  },
  {
   "cell_type": "code",
   "execution_count": 4,
   "metadata": {},
   "outputs": [
    {
     "name": "stdout",
     "output_type": "stream",
     "text": [
      "[[-220 -131  -77  -16   35   86  100  140  186  206]\n",
      " [-225 -201 -201 -112  -54  -30  -26   -7  169  214]\n",
      " [-202 -183  -92  -55   27   86   95  165  178  225]\n",
      " [-227 -214 -131 -116  -70  -55   -1   14   19  159]\n",
      " [-248 -158 -136 -135 -124 -100  -26   30   43  248]\n",
      " [-241 -222 -184 -169  -73   17   27   54  191  235]\n",
      " [-203 -175 -149 -137   78   96  132  167  204  233]\n",
      " [-238 -153  -30   66   79   83  126  192  197  246]\n",
      " [-235 -172  -92   -8   25   31   58   82   88  210]\n",
      " [-182 -164 -152 -121 -113  -86  -38   13  140  235]]\n",
      "CPU times: user 902 µs, sys: 0 ns, total: 902 µs\n",
      "Wall time: 828 µs\n"
     ]
    }
   ],
   "source": [
    "%%time\n",
    "import numpy as np\n",
    "\n",
    "def selection_sort(nums):  \n",
    "    for i in range(len(nums)):\n",
    "        lowest_value_index = i\n",
    "        for j in range(i + 1, len(nums)):\n",
    "            if nums[j] < nums[lowest_value_index]:\n",
    "                lowest_value_index = j\n",
    "        nums[i], nums[lowest_value_index] = nums[lowest_value_index], nums[i]\n",
    "\n",
    "k=0\n",
    "while k<=n-1:\n",
    "    selection_sort(a[k])\n",
    "    k=k+1\n",
    "\n",
    "an = np.asarray(a)\n",
    "print(an) "
   ]
  },
  {
   "cell_type": "markdown",
   "metadata": {},
   "source": [
    "### Сортировка вставками \n",
    "####  каждый элемент со всеми сравнивается и будет в цикле увеличиваться область сравнения на один за итерацию.\n"
   ]
  },
  {
   "cell_type": "code",
   "execution_count": 5,
   "metadata": {},
   "outputs": [
    {
     "name": "stdout",
     "output_type": "stream",
     "text": [
      "[[-220 -131  -77  -16   35   86  100  140  186  206]\n",
      " [-225 -201 -201 -112  -54  -30  -26   -7  169  214]\n",
      " [-202 -183  -92  -55   27   86   95  165  178  225]\n",
      " [-227 -214 -131 -116  -70  -55   -1   14   19  159]\n",
      " [-248 -158 -136 -135 -124 -100  -26   30   43  248]\n",
      " [-241 -222 -184 -169  -73   17   27   54  191  235]\n",
      " [-203 -175 -149 -137   78   96  132  167  204  233]\n",
      " [-238 -153  -30   66   79   83  126  192  197  246]\n",
      " [-235 -172  -92   -8   25   31   58   82   88  210]\n",
      " [-182 -164 -152 -121 -113  -86  -38   13  140  235]]\n",
      "CPU times: user 563 µs, sys: 0 ns, total: 563 µs\n",
      "Wall time: 490 µs\n"
     ]
    }
   ],
   "source": [
    "%%time\n",
    "import numpy as np\n",
    "\n",
    "def insertion_sort(nums):  \n",
    "    for i in range(1, len(nums)):\n",
    "        item_to_insert = nums[i]\n",
    "        j = i - 1\n",
    "        while j >= 0 and nums[j] > item_to_insert:\n",
    "            nums[j + 1] = nums[j]\n",
    "            j -= 1\n",
    "        nums[j + 1] = item_to_insert\n",
    "\n",
    "k=0\n",
    "while k<=n-1:\n",
    "    insertion_sort(a[k])\n",
    "    k=k+1\n",
    "\n",
    "an = np.asarray(a)\n",
    "print(an) "
   ]
  },
  {
   "cell_type": "markdown",
   "metadata": {},
   "source": [
    "### Пирамидальная сортировка\n",
    "#### Принцип заключается в построении пирамидального дерева. Бинарное дерево это где от каждого узла выходит две ветви. Сравнивается узел с его ветвями снизу вверх, так чтобы на пирамиде самый большой элемент попал наверх. Потом, меняется элемент “на вершине”, то есть с индексом = 0, на последний элемент, после чего последний элемент пломбируется, ставится ограничение, что дальше будет рассматриваться i-1 элементов.\n"
   ]
  },
  {
   "cell_type": "code",
   "execution_count": 6,
   "metadata": {},
   "outputs": [
    {
     "name": "stdout",
     "output_type": "stream",
     "text": [
      "[[-220 -131  -77  -16   35   86  100  140  186  206]\n",
      " [-225 -201 -201 -112  -54  -30  -26   -7  169  214]\n",
      " [-202 -183  -92  -55   27   86   95  165  178  225]\n",
      " [-227 -214 -131 -116  -70  -55   -1   14   19  159]\n",
      " [-248 -158 -136 -135 -124 -100  -26   30   43  248]\n",
      " [-241 -222 -184 -169  -73   17   27   54  191  235]\n",
      " [-203 -175 -149 -137   78   96  132  167  204  233]\n",
      " [-238 -153  -30   66   79   83  126  192  197  246]\n",
      " [-235 -172  -92   -8   25   31   58   82   88  210]\n",
      " [-182 -164 -152 -121 -113  -86  -38   13  140  235]]\n",
      "CPU times: user 793 µs, sys: 19 µs, total: 812 µs\n",
      "Wall time: 710 µs\n"
     ]
    }
   ],
   "source": [
    "%%time\n",
    "import numpy as np\n",
    "\n",
    "def heap_sort(alist):\n",
    "    build_max_heap(alist)\n",
    "    for i in range(len(alist) - 1, 0, -1):\n",
    "        alist[0], alist[i] = alist[i], alist[0]\n",
    "        max_heapify(alist, index=0, size=i)\n",
    " \n",
    "def parent(i):\n",
    "    return (i - 1)//2\n",
    " \n",
    "def left(i):\n",
    "    return 2*i + 1\n",
    " \n",
    "def right(i):\n",
    "    return 2*i + 2\n",
    " \n",
    "def build_max_heap(alist): \n",
    "    length = len(alist)\n",
    "    start = parent(length - 1)\n",
    "    while start >= 0:\n",
    "        max_heapify(alist, index=start, size=length)\n",
    "        start = start - 1\n",
    " \n",
    "def max_heapify(alist, index, size):\n",
    "    l = left(index)\n",
    "    r = right(index)\n",
    "    if (l < size and alist[l] > alist[index]):\n",
    "        largest = l\n",
    "    else:\n",
    "        largest = index\n",
    "    if (r < size and alist[r] > alist[largest]):\n",
    "        largest = r\n",
    "    if (largest != index):\n",
    "        alist[largest], alist[index] = alist[index], alist[largest]\n",
    "        max_heapify(alist, largest, size)\n",
    "\n",
    "k=0\n",
    "while k<=n-1:\n",
    "    heap_sort(a[k])\n",
    "    k=k+1\n",
    "\n",
    "an = np.asarray(a)\n",
    "print(an) "
   ]
  },
  {
   "cell_type": "markdown",
   "metadata": {},
   "source": [
    "### Быстрая сортировка\n",
    "#### Выбирается опорный элемент в массиве, всё что больше этого элемента помещается вправо, всё что меньше - влево. Далее рекурсивно повторяется для левой и правой части, там соответственно выбирается опорный элемент и так до тех пор пока нечего будет делить.\n"
   ]
  },
  {
   "cell_type": "code",
   "execution_count": 7,
   "metadata": {},
   "outputs": [
    {
     "name": "stdout",
     "output_type": "stream",
     "text": [
      "[[-220 -131  -77  -16   35   86  100  140  186  206]\n",
      " [-225 -201 -201 -112  -54  -30  -26   -7  169  214]\n",
      " [-202 -183  -92  -55   27   86   95  165  178  225]\n",
      " [-227 -214 -131 -116  -70  -55   -1   14   19  159]\n",
      " [-248 -158 -136 -135 -124 -100  -26   30   43  248]\n",
      " [-241 -222 -184 -169  -73   17   27   54  191  235]\n",
      " [-203 -175 -149 -137   78   96  132  167  204  233]\n",
      " [-238 -153  -30   66   79   83  126  192  197  246]\n",
      " [-235 -172  -92   -8   25   31   58   82   88  210]\n",
      " [-182 -164 -152 -121 -113  -86  -38   13  140  235]]\n",
      "CPU times: user 1.43 ms, sys: 0 ns, total: 1.43 ms\n",
      "Wall time: 1.2 ms\n"
     ]
    }
   ],
   "source": [
    "%%time\n",
    "import numpy as np\n",
    "\n",
    "def quick_sort(data):\n",
    "    less = []\n",
    "    pivotList = []\n",
    "    more = []\n",
    "    if len(data) <= 1:\n",
    "        return data\n",
    "    else:\n",
    "        pivot = data[0]\n",
    "        for i in data:\n",
    "            if i < pivot:\n",
    "                less.append(i)\n",
    "            elif i > pivot:\n",
    "                more.append(i)\n",
    "            else:\n",
    "                pivotList.append(i)\n",
    "        less = quick_sort(less)\n",
    "        more = quick_sort(more)\n",
    "        return less + pivotList + more\n",
    "\n",
    "k=0\n",
    "while k<=n-1:\n",
    "    quick_sort(a[k])\n",
    "    k=k+1\n",
    "\n",
    "an = np.asarray(a)\n",
    "print(an) "
   ]
  },
  {
   "cell_type": "markdown",
   "metadata": {},
   "source": [
    "### Сортировка обменом \n",
    "#### Её смысл заключается в том, что мы элемент сравниваем последовательно друг с другом и меняем местами, если предшествующий элемент больше последующего.\n"
   ]
  },
  {
   "cell_type": "code",
   "execution_count": 8,
   "metadata": {},
   "outputs": [
    {
     "name": "stdout",
     "output_type": "stream",
     "text": [
      "[[-220 -131  -77  -16   35   86  100  140  186  206]\n",
      " [-225 -201 -201 -112  -54  -30  -26   -7  169  214]\n",
      " [-202 -183  -92  -55   27   86   95  165  178  225]\n",
      " [-227 -214 -131 -116  -70  -55   -1   14   19  159]\n",
      " [-248 -158 -136 -135 -124 -100  -26   30   43  248]\n",
      " [-241 -222 -184 -169  -73   17   27   54  191  235]\n",
      " [-203 -175 -149 -137   78   96  132  167  204  233]\n",
      " [-238 -153  -30   66   79   83  126  192  197  246]\n",
      " [-235 -172  -92   -8   25   31   58   82   88  210]\n",
      " [-182 -164 -152 -121 -113  -86  -38   13  140  235]]\n",
      "CPU times: user 1.1 ms, sys: 36 µs, total: 1.14 ms\n",
      "Wall time: 963 µs\n"
     ]
    }
   ],
   "source": [
    "%%time\n",
    "import numpy as np\n",
    "\n",
    "def bubble_sort(nums):  \n",
    "    swapped = True\n",
    "    while swapped:\n",
    "        swapped = False\n",
    "        for i in range(len(nums) - 1):\n",
    "            if nums[i] > nums[i + 1]:\n",
    "                # Заменить элементы\n",
    "                nums[i], nums[i + 1] = nums[i + 1], nums[i]\n",
    "                swapped = True\n",
    "\n",
    "k=0\n",
    "while k<=n-1:\n",
    "    bubble_sort(a[k])\n",
    "    k=k+1\n",
    "\n",
    "an = np.asarray(a)\n",
    "print(an) "
   ]
  },
  {
   "cell_type": "markdown",
   "metadata": {},
   "source": [
    "### Сортировка Шелла\n",
    "#### За один шаг сравниваются элементы которые находятся на расстоянии этого шага. Который рассчитывается по d= n/2 n - длина массива. Следующий шаг уменьшается вдвое и так далее.\n"
   ]
  },
  {
   "cell_type": "code",
   "execution_count": 9,
   "metadata": {},
   "outputs": [
    {
     "name": "stdout",
     "output_type": "stream",
     "text": [
      "[[-220 -131  -77  -16   35   86  100  140  186  206]\n",
      " [-225 -201 -201 -112  -54  -30  -26   -7  169  214]\n",
      " [-202 -183  -92  -55   27   86   95  165  178  225]\n",
      " [-227 -214 -131 -116  -70  -55   -1   14   19  159]\n",
      " [-248 -158 -136 -135 -124 -100  -26   30   43  248]\n",
      " [-241 -222 -184 -169  -73   17   27   54  191  235]\n",
      " [-203 -175 -149 -137   78   96  132  167  204  233]\n",
      " [-238 -153  -30   66   79   83  126  192  197  246]\n",
      " [-235 -172  -92   -8   25   31   58   82   88  210]\n",
      " [-182 -164 -152 -121 -113  -86  -38   13  140  235]]\n",
      "CPU times: user 765 µs, sys: 0 ns, total: 765 µs\n",
      "Wall time: 719 µs\n"
     ]
    }
   ],
   "source": [
    "%%time\n",
    "import numpy as np\n",
    "\n",
    "def shell_sort(nums):\n",
    "    inc = len(nums) // 2\n",
    "    while inc:\n",
    "        for i, el in enumerate(nums):\n",
    "            while i >= inc and nums[i - inc] > el:\n",
    "                nums[i] = nums[i - inc]\n",
    "                i -= inc\n",
    "            nums[i] = el\n",
    "        inc = int(inc // 2)\n",
    "    return nums\n",
    "\n",
    "k=0\n",
    "while k<=n-1:\n",
    "    shell_sort(a[k])\n",
    "    k=k+1\n",
    "\n",
    "an = np.asarray(a)\n",
    "print(an) "
   ]
  },
  {
   "cell_type": "markdown",
   "metadata": {},
   "source": [
    "### Турнирная сортировка\n",
    "#### Берём и строим двоичное дерево или сортируем набор последовательный или непоследовательных значений. Разбиваем последовательность на двойки и ищем минимальное, затем из этих минимальных также разбиваем и ищем минимальные, пока не найдём самое минимальное, берём его и выписываем в начало. А потом мы заменяем его на бесконечность (на какое-то огромное число), также если какому-то числу не хватило пары, то мы ему в пару ставим огромное число, чтобы изначальное прошло на этап дальше. Устраиваются переигровки, с сопутствующей заменой чисел на бесконечность. Когда видно, что не остаётся элементов которые мы не удалили, то алгоритм останавливается."
   ]
  },
  {
   "cell_type": "code",
   "execution_count": 10,
   "metadata": {},
   "outputs": [
    {
     "name": "stdout",
     "output_type": "stream",
     "text": [
      "[[-220 -131  -77  -16   35   86  100  140  186  206]\n",
      " [-225 -201 -201 -112  -54  -30  -26   -7  169  214]\n",
      " [-202 -183  -92  -55   27   86   95  165  178  225]\n",
      " [-227 -214 -131 -116  -70  -55   -1   14   19  159]\n",
      " [-248 -158 -136 -135 -124 -100  -26   30   43  248]\n",
      " [-241 -222 -184 -169  -73   17   27   54  191  235]\n",
      " [-203 -175 -149 -137   78   96  132  167  204  233]\n",
      " [-238 -153  -30   66   79   83  126  192  197  246]\n",
      " [-235 -172  -92   -8   25   31   58   82   88  210]\n",
      " [-182 -164 -152 -121 -113  -86  -38   13  140  235]]\n",
      "CPU times: user 2.09 ms, sys: 0 ns, total: 2.09 ms\n",
      "Wall time: 2 ms\n"
     ]
    }
   ],
   "source": [
    "%%time\n",
    "import numpy as np\n",
    "\n",
    "def tournamentSort(arr):\n",
    "    tree = [None] * 2 * (len(arr) + len(arr) % 2)\n",
    "    index = len(tree) - len(arr) - len(arr) % 2\n",
    "\n",
    "    for i, v in enumerate(arr):\n",
    "        tree[index + i] = (i, v)\n",
    "\n",
    "    for j in range(len(arr)):\n",
    "        n = len(arr)\n",
    "        index = len(tree) - len(arr) - len(arr) % 2\n",
    "        while index > -1:\n",
    "            n = (n + 1) // 2\n",
    "            for i in range(n):\n",
    "                i = max(index + i * 2, 1)\n",
    "                if tree[i] is not None and tree[i + 1] is not None:\n",
    "                    if tree[i] < tree[i + 1]:\n",
    "                        tree[i // 2] = tree[i]\n",
    "                    else:\n",
    "                        tree[i // 2] = tree[i + 1]\n",
    "                else:\n",
    "                        tree[i // 2] = tree[i] if tree[i] is not None else tree[i + 1]\n",
    "            index -= n\n",
    "    \n",
    "        index, x = tree[0]\n",
    "        arr[j] = x\n",
    "        tree[len(tree) - len(arr) - len(arr) % 2 + index] = None\n",
    "\n",
    "k=0\n",
    "while k<=n-1:\n",
    "    tournamentSort(a[k])\n",
    "    k=k+1\n",
    "\n",
    "an = np.asarray(a)\n",
    "print(an) "
   ]
  },
  {
   "cell_type": "markdown",
   "metadata": {},
   "source": [
    "# Вывод\n",
    "## В данной лабораторной работе были изучаны разные методы сортировок в массивах. Также было просмотренно как разные алгоритмы справляются с одиннаковыми задачами и сравнено по времени. С поставленной задачей лучше всего справилась сортировка вставками."
   ]
  },
  {
   "cell_type": "code",
   "execution_count": null,
   "metadata": {},
   "outputs": [],
   "source": []
  },
  {
   "cell_type": "code",
   "execution_count": null,
   "metadata": {},
   "outputs": [],
   "source": []
  }
 ],
 "metadata": {
  "kernelspec": {
   "display_name": "Python 3",
   "language": "python",
   "name": "python3"
  },
  "language_info": {
   "codemirror_mode": {
    "name": "ipython",
    "version": 3
   },
   "file_extension": ".py",
   "mimetype": "text/x-python",
   "name": "python",
   "nbconvert_exporter": "python",
   "pygments_lexer": "ipython3",
   "version": "3.6.13"
  }
 },
 "nbformat": 4,
 "nbformat_minor": 4
}
